746012
1610791
532249
1333269
83992
1498916
1226327
1149183
1157913
1706299
1892593
1628361
29653
1533561
1593284
692755
1784657
651807
1269247
420755
1253429
162557
508078
1196812
172575
155807
385548
1300148
354261
1736649
911398
1064853
900356
81914
292674
470405
1494236
1352612
374145
718436
1954433
124944
1474527
1337631
1852139
1484396
1603094
1533660
1348239
1109159
498885
562946
1776777
1012165
1617850
433779
1845300
1722213
1197356
449750
1687433
1135904
96404
304649
1511904
82936
492427
1232832
805821
428556
301849
1566146
1370587
311424
4777
1804434
1382516
1199496
1782494
119940
1586963
550068
1032029
1121501
612001
160591
303690
889224
1060476
255980
1720929
1195740
1815646
1643811
316634
56185
1877340
849492
1282327
608399
75812
675663
940522
407569
335908
1908530
703280
507817
468024
680361
1483927
1202601
403693
180846
348105
973829
1670325
1086730
1590784
871087
346534
1267805
1027198
171059
462323
1983218
508349
147097
1937517
439359
1596607
930434
68072
1062856
1330991
1396559
1810879
1830804
672382
1576068
1556916
1176876
663565
11246
1584703
1735574
74684
928096
1319393
1829151
1245468
983771
929580
1929590
1722445
1228130
211776
1869393
1328279
568601
1422793
1517665
360114
1985847
1988617
611345
613767
884832
681391
969819
1520561
1306868
1803510
1040848
487841
949740
1433894
460873
1850495
1758443
1195496
321109
239765
1006654
920304
1240382
1158168
1778031
685166
962871
28699
884470
1375763
58961
1812973
285219
569575
480594
249875
1839664
961725
1868040
1368230
5313
1812411
1474894
1958075
1063124
1660095
375803
1078190
17575
131283
629511
1443203
1009171
1014171
1931023
47244
79989
559358
849725
570331
643640
267288
342470
1049957
795824
1981469
1550969
1155421
439549
229034
1601437
687159
1827021
1208101
1191238
929524
1155079
1486298
1065441
190552
1605128
1791700
138680
1250161
414548
1522520
1993148
1627407
1180330
271391
1225673
1197883
1445282
786068
602802
1504160
1402274
374
281211
1316848
862612
787448
1823676
1487692
1466750
1839075
634908
321678
204301
309416
342501
173546
1352788
847012
16834
1102251
1512749
351098
785792
1207856
861315
1342761
961844
1894216
1952363
548096
4334
283071
88990
1365291
430098
1739281
944942
710502
989288
1780724
1110301
289038
1088929
1982259
1230819
1819848
314149
1033976
1878019
1343296
1059034
802308
1626195
1566950
1091606
1000565
1961496
1427244
52838
985828
1192842
1521603
1360813
1660147
843327
1370165
1712513
1453178
315159
843385
770665
1375564
1582636
1500576
132557
329757
989632
926716
1926606
1087406
1853004
475889
1033170
1777742
1888203
1422283
651228
256587
1587277
1825504
1016939
686832
1491321
192064
1210327
1156111
936126
750528
1856400
736301
853173
1647427
1447797
320062
1531297
681876
624771
1079640
648159
1236483
1440609
1361669
1680490
1300307
950651
1021053
643271
115146
1241551
1743669
1550708
235060
1189573
1151804
467395
1139280
637851
1723019
1308662
1014110
1158707
339256
1450125
1159950
1413126
1861398
693750
1187357
609361
1128415
859971
685761
91018
918997
777566
1792964
1149219
1841402
229916
399276
1365869
1379172
1531687
1907708
90524
156185
252937
973789
1810684
1378806
1980600
158401
1178695
1133167
481934
309311
1856227
1074274
135811
1832748
342298
75818
1098398
1546931
500465
736005
1594191
384714
1009656
219606
1530284
857613
1088115
1249645
1709801
1993783
306363
680783
1254361
1762304
1828236
371497
1156422
803807
1404108
130332
1254522
1608070
1285768
1697088
1974452
1676138
401553
1504316
167434
585651
1457100
1061262
763852
894723
245386
1842586
1022777
830770
27283
1642180
1370422
704492
1963722
1131263
815722
1984113
622585
614381
1176444
1892021
621682
65921
1562146
1027425
291396
474034
216651
1960099
553165
55697
1262223
730077
1793140
1700794
1673300
1106570
770087
958240
920711
1100032
976951
1423961
1926933
1871478
1364841
1134933
8487
1656810
1213515
145273
286923
587023
367612
1227860
1336759
1877238
892331
808451
1469684
75394
398511
1261676
15797
1907460
1898702
1347953
1165971
635703
813330
1675154
1639802
212326
194073
473063
486953
709099
482480
475121
484139
967099
1644114
1942861
1150078
532370
560553
41012
1126945
93431
1995678
615104
492953
23593
358445
74985
116979
694484
1257594
1946160
9409
302179
1944082
1131922
1662104
154170
1017494
593901
1810667
922053
300637
1188231
686854
1167837
1017800
746920
1536815
1274039
331239
1325960
227790
748905
1630848
311949
973487
419050
1174970
1287683
1632080
600160
177620
577332
108021
1717110
1724142
408864
1786505
1368692
1786838
1459686
643923
1027694
871322
1999525
1583936
1822182
1333708
139339
1113538
1996381
1188975
1655060
1494945
323240
1440100
916667
357984
748114
1635717
1385043
1335635
1256275
1616171
1151198
1818061
1246790
1137662
699058
970201
1312713
1261928
54212
211254
443677
697056
947788
343393
586811
196838
1341796
836945
172140
1602588
1265429
1848111
879224
1988242
594668
1673017
601880
901281
1010167
1449874
1196668
1000249
689456
1383174
1019390
1921000
1565992
950652
983488
751976
238703
516475
1519503
1636400
1024361
86162
1162195
7114
1993927
1494888
835071
1138027
1550300
904212
1039719
642503
1494098
1508063
1879771
286398
948333
705680
1164637
1405394
258768
813731
1350533
969283
989960
268634
1687513
461599
719718
959958
1460780
365104
996337
962927
1898706
515523
1548262
167946
814399
1744608
1537277
1756804
1770566
1519033
1244247
207178
1136727
1313686
1127247
946804
787054
1795330
677626
1806772
151622
987995
997522
886872
492940
60445
489645
1065521
1939442
39631
1525066
927926
584749
838765
1004804
900949
1568523
877983
1156797
393591
1427140
92735
650449
1910330
1405357
437919
335671
1230049
132007
969702
52558
1464661
35855
783754
122333
876553
1443361
1963982
1077088
47937
1122693
625250
1134831
1258247
241417
202938
1930593
333074
1359841
1014569
1723445
441272
1648384
1258020
1846974
1434494
695326
1001248
259955
923990
1043552
882899
93122
1771578
172883
1810422
828753
430845
1338407
1585546
1931275
1918066
709866
1987422
101261
1350716
992192
52980
1287327
546789
1783225
1608590
1174190
1148577
1312952
509362
1905911
1475714
56409
533778
1599698
90967
1241390
1020313
868323
520500
1746623
1038664
414969
421021
203929
1804746
1867316
2831
1874148
1988175
1085234
1969717
864459
1896003
768858
235604
1592777
676549
84887
71645
1195388
1662319
1612717
1198179
179047
510054
543964
1126343
1511156
1737446
1830249
226036
1727277
872316
1869422
1815348
252575
382580
1210157
510152
753598
1709713
822372
135442
188175
1159135
941128
1549453
1832076
602346
857368
421220
474145
1670368
1649722
64954
1558131
1404494
1466273
198408
448409
821622
1251529
1454800
1809626
418601
691262
1857428
358322
1831602
288754
1076565
1354091
1036025
1933632
1865898
23877
941812
539033
532748
1967632
1865584
215991
1175054
605557
1367076
406596
1057426
158097
372891
1768274
475260
439715
550827
677113
94790
1152391
286172
463034
1679498
1561687
1824217
1303583
681746
900705
1732767
1003966
16297
896816
131656
584861
1510949
1220527
750821
1759516
276702
1078791
1549191
1080254
1280180
216413
1533068
1015175
737735
1936388
1795620
1124887
1689097
104602
269569
124932
1545833
206355
691647
1755605
318994
1556326
59730
1335605
1227810
1658101
1491564
61325
738238
80143
1389204
680809
815343
634075
1436469
1784783
862171
303327
822793
1409469
1657927
1332013
1384794
315075
1653337
1828260
1614935
1310187
1828746
1101649
1824567
1479665
1548640
1367769
1371764
705998
1008394
1616454
551894
1512547
1939922
150076
151240
926173
458617
