238326
523939
619611
254835
523208
672533
888903
434630
431080
873053
633145
195959
970838
745997
857389
521504
576502
108724
907395
386341
778442
807519
383002
98633
761089
47618
340999
112449
251003
159420
832072
267983
873344
660227
988408
267254
912863
431418
503154
509483
773196
293869
147908
712777
517458
699797
716985
631078
896196
541074
330091
630632
591845
330272
935587
513680
810252
791654
274027
210843
355198
380227
555577
875067
154608
781393
881193
888918
24181
236261
133936
740827
81407
170011
980317
269115
770404
712308
25033
826585
679317
81195
925474
840813
892201
626694
899779
772986
99397
260778
267317
760657
136790
399004
391447
773821
631010
978323
170543
421433
8683
996671
173527
96298
306960
330235
679947
269880
774616
110678
260267
509880
771178
527232
507236
848948
936811
450965
811934
692334
270721
326908
452362
838268
280979
253826
280161
459511
176842
683979
922746
823358
429857
114980
722737
165657
276430
696264
845877
462702
380795
552486
995076
947363
646124
673220
884660
463784
489069
849345
665821
509233
433219
857472
937995
825486
236057
69434
579364
422606
54949
471989
990604
269669
724965
730665
91939
452558
547057
848357
251940
593709
907647
417308
26019
985647
239206
410649
221101
390304
413614
465328
131235
887041
213496
555847
67192
55440
694292
181599
287395
213937
499294
497290
60539
307844
373350
597535
547579
174494
755396
332059
267853
437020
43191
512682
510906
331416
554474
913271
724485
81049
40057
8521
70637
426972
825626
877604
470936
110542
544358
92921
898512
991764
424762
616187
216934
398814
68056
901272
457395
958510
157854
46708
792811
408604
165357
497101
844659
572709
812047
369206
373888
641295
585461
551116
9048
258680
891505
691658
931425
730021
979352
746831
250763
795709
533808
282934
295146
54099
710425
836850
48439
12531
753923
143275
345063
852005
970234
623606
641558
894936
613279
554518
668989
628813
353976
513704
436388
271257
837683
871429
420578
486979
222407
708496
116077
407261
324508
336478
37272
403921
707598
839353
709913
589266
747706
722065
93833
407390
10827
1705
843114
821809
488678
944872
387130
960270
392435
960365
106272
321268
921537
666032
95336
505536
296512
981735
185178
814046
597956
153518
730136
605676
41414
210992
301243
705547
272849
488467
947583
920252
887092
338832
380678
931443
538611
340101
67891
595252
319236
112450
101034
231191
781868
914096
390633
337613
134190
179693
927815
417326
334013
690180
946463
502653
303954
912695
295263
847332
222492
497793
958720
169880
355234
177579
102895
150587
970302
100152
907163
599204
156785
436415
499406
510105
422883
524268
869216
585578
974660
586308
942763
836674
772081
868932
225499
336802
528629
270904
488323
10690
314617
352853
253797
377739
138987
421152
123139
479181
202905
929931
106747
590747
905422
659687
724658
657880
511295
365626
201420
329703
697729
158927
46949
478136
834098
814527
187391
220432
928187
917788
179013
839876
607971
385503
856556
196426
942971
807006
936066
33059
625608
110251
209441
179432
877151
394626
587467
818239
891466
924935
203704
585828
577467
200380
603493
741171
734161
362859
80317
762824
818809
119923
173022
462832
379667
720993
179860
275436
368269
386917
266337
485817
79107
959665
752584
388735
906681
780257
541540
599145
636341
274246
468270
833960
657643
364776
92784
458395
118359
7081
910381
681164
873781
869691
548201
224038
929716
153429
642804
890868
141189
595181
752763
92933
693530
426502
243476
328973
850412
820312
311081
35256
749383
487366
836750
35227
265745
338360
165590
605145
265762
484614
288852
698988
404515
906459
927609
757289
554110
92897
976825
827571
957116
372252
978664
284382
434678
133827
838352
508909
449418
63080
438712
628351
981784
788245
40675
647484
31000
546989
100512
606027
145231
965097
752939
964851
666967
382530
969326
195100
361193
729255
34567
928804
975140
964610
726835
697030
964519
5696
298043
394319
243980
66155
218121
473279
477090
463899
587023
855660
929838
573818
655787
992634
762871
332692
307107
454548
226109
688099
748696
328220
467017
653989
465893
993308
156031
593949
318683
984972
324231
486699
618336
631581
279593
12999
415674
379869
269010
885487
779832
756874
18975
453890
772794
875879
110060
32089
820919
657145
408888
101081
776626
150454
358149
321155
859530
641032
678518
956997
894634
366572
557452
324860
285517
923990
15016
790218
696048
110931
383188
831929
885213
544185
254706
683560
440885
819057
812754
273533
875976
24380
793642
359378
920324
724579
95397
302656
523928
776647
399217
768256
70350
582499
127713
354189
11450
951752
587657
980425
761048
263623
429316
388181
410728
188043
171113
917651
11477
101785
891304
440443
73693
614840
220633
347922
130390
688595
613403
541043
336840
885092
221495
501713
304485
344826
174547
932795
135943
513516
521088
23128
631546
397057
381473
965433
808429
839426
191391
234916
928061
326740
582568
922414
959007
318619
772338
294788
820528
668612
569221
368135
50424
839948
631466
617485
971716
24085
88130
97086
844798
31241
245637
558700
42984
36574
700617
499281
718534
280454
606409
482736
430905
839810
725730
778205
903531
364380
902119
606018
255361
499342
809982
387972
300914
856173
436678
122606
362665
941400
891171
296456
552346
459528
84453
601043
828216
238338
797379
866299
373631
410921
190933
700577
718128
962054
199514
693057
864127
29582
387719
308287
793717
125568
456602
217343
843760
433233
815801
807468
415210
777109
845655
390741
629567
229132
185642
639998
663631
290222
194832
262749
512551
766253
776354
336067
694289
351747
254065
372775
51734
204707
119488
49361
223147
843537
972476
167973
720904
807938
129372
944004
725220
564876
649921
33646
3606
977098
803905
289583
744497
408541
191146
684384
334061
273933
729728
809342
213762
756907
295280
475972
622318
68856
201271
131781
906177
472584
424180
122723
94922
206962
143495
344980
618353
633715
132077
38576
703169
814438
522084
468948
609228
908253
943728
844710
550367
982066
808926
185859
231724
577258
938169
611630
81049
137368
97393
401901
490950
823725
10518
860220
18828
74862
38708
531567
183337
132897
560408
693880
42547
579681
386866
404589
139077
362392
69415
753013
115247
545756
61507
649728
955771
454051
168936
52547
999017
918676
42423
404548
15064
597853
324431
500189
129841
272369
638522
388651
21892
491430
254298
238719
374805
531726
565814
276593
424745
255542
153926
760014
780038
561747
192094
660781
879903
875424
938090
420735
105164
530200
806422
676726
516733
182409
661696
903410
295496
620482
774510
149841
45315
790157
921134
52255
686514
630985
206537
358469
240319
2369
366805
735259
476730
461846
593790
901204
958448
501440
586408
156089
124823
652411
456703
237548
351023
126059
920197
975392
331551
184375
724430
231654
812551
852236
762623
766352
633871
273568
374784
274535
64271
93117
189233
412192
531434
925637
601445
289548
196598
984841
312012
521318
525389
415761
214720
757820
894620
84154
