653399
375429
203524
559612
675382
520393
320755
71400
485969
581693
16459
341182
386116
239022
384905
955879
1895
59908
169284
441155
600356
810428
893730
744905
914915
760069
280002
795415
500619
278687
882705
472296
272934
982317
977185
395986
120248
73500
472372
278257
757645
668882
551265
503995
537143
256823
486085
872754
935183
369980
25736
828831
209451
225986
371785
644313
624915
684838
559979
70154
234894
895108
825660
472529
862226
509833
423558
729092
221844
950410
745599
305795
552606
212214
403099
76665
222664
793180
309525
851076
194916
400832
91252
194645
296319
746190
462049
802480
957981
4582
3117
511845
88752
283329
508752
270289
289570
681078
398349
740679
